    ID  Unit  phi1   phi     phi2        X        Y  St Cls   MAD  BC  BS
     1     1  113.5  010.9  09      60.0000   0.0000   5   1   0.4 142  62
     2     1  103.2  010.6  20      60.0000   0.0000   5   1   0.4 142  62
     3     1  107.7  011.8  16      60.0000   0.0000   5   1   0.4 142  62
     4     1  145.1  059.5  39      60.0000   0.0000   5   1   0.4 142  62
     5     1  010.4  151.3  60      60.0000   0.0000   5   1   0.4 142  62
     6     1  168.1  026.1  02      60.0000   0.0000   5   1   0.4 142  62
     7     1  028.6  043.8  56      60.0000   0.0000   5   1   0.4 142  62
     8     1  009.3  146.8  58      60.0000   0.0000   5   1   0.4 142  62
     9     1  007.5  146.7  55      60.0000   0.0000   5   1   0.4 142  62
     10     1  168.5  028.1  03      60.0000   0.0000   5   1   0.4 142  62
     11     1  005.0  155.2  04      60.0000   0.0000   5   1   0.4 142  62
     12     1  026.0  043.9  59      60.0000   0.0000   5   1   0.4 142  62
     13     1  006.1  147.3  58      60.0000   0.0000   5   1   0.4 142  62
     14     1  022.9  041.4  58      60.0000   0.0000   5   1   0.4 142  62
     15     1  107.9  010.9  15      60.0000   0.0000   5   1   0.4 142  62
     16     1  099.8  011.5  25      60.0000   0.0000   5   1   0.4 142  62
     17     1  021.4  042.6  60      60.0000   0.0000   5   1   0.4 142  62
     18     1  132.3  004.7  51      60.0000   0.0000   5   1   0.4 142  62
     19     1  087.4  011.3  37      60.0000   0.0000   5   1   0.4 142  62
     20     1  023.2  044.9  59      60.0000   0.0000   5   1   0.4 142  62
     21     1  175.6  054.8  15      60.0000   0.0000   5   1   0.4 142  62
     22     1  132.9  005.6  51      60.0000   0.0000   5   1   0.4 142  62
     23     1  176.1  055.4  17      60.0000   0.0000   5   1   0.4 142  62
     24     1  175.8  054.6  17      60.0000   0.0000   5   1   0.4 142  62
     25     1  025.0  043.7  58      60.0000   0.0000   5   1   0.4 142  62
     26     1  024.5  045.2  59      60.0000   0.0000   5   1   0.4 142  62
     27     1  175.2  054.7  19      60.0000   0.0000   5   1   0.4 142  62
     28     1  025.0  045.0  59      60.0000   0.0000   5   1   0.4 142  62
     29     1  167.7  026.2  03      60.0000   0.0000   5   1   0.4 142  62
     30     1  028.7  043.5  56      60.0000   0.0000   5   1   0.4 142  62
     31     1  011.0  146.0  02      60.0000   0.0000   5   1   0.4 142  62
     32     1  010.6  147.1  02      60.0000   0.0000   5   1   0.4 142  62
     33     1  010.3  146.5  02      60.0000   0.0000   5   1   0.4 142  62
     34     1  009.6  146.5  00      60.0000   0.0000   5   1   0.4 142  62
     35     1  008.7  146.4  59      60.0000   0.0000   5   1   0.4 142  62
     36     1  010.3  147.1  01      60.0000   0.0000   5   1   0.4 142  62
     37     1  010.7  146.8  02      60.0000   0.0000   5   1   0.4 142  62
     38     1  149.2  016.0  41      60.0000   0.0000   5   1   0.4 142  62
     39     1  168.1  050.3  23      60.0000   0.0000   5   1   0.4 142  62
     40     1  168.2  044.4  60      60.0000   0.0000   5   1   0.4 142  62
     41     1  164.6  150.7  02      60.0000   0.0000   5   1   0.4 142  62
     42     1  163.5  148.6  02      60.0000   0.0000   5   1   0.4 142  62
     43     1  161.1  149.1  04      60.0000   0.0000   5   1   0.4 142  62
     44     1  001.9  117.7  28      60.0000   0.0000   5   1   0.4 142  62
     45     1  165.1  150.5  03      60.0000   0.0000   5   1   0.4 142  62
     46     1  168.2  044.3  00      60.0000   0.0000   5   1   0.4 142  62
     47     1  161.5  147.0  04      60.0000   0.0000   5   1   0.4 142  62
     48     1  175.6  061.7  46      60.0000   0.0000   5   1   0.4 142  62
     49     1  163.9  150.9  07      60.0000   0.0000   5   1   0.4 142  62
     50     1  168.2  044.7  01      60.0000   0.0000   5   1   0.4 142  62
     51     1  178.1  116.9  08      60.0000   0.0000   5   1   0.4 142  62
     52     1  163.7  148.3  06      60.0000   0.0000   5   1   0.4 142  62
     53     1  158.9  149.1  02      60.0000   0.0000   5   1   0.4 142  62
     54     1  160.4  148.4  04      60.0000   0.0000   5   1   0.4 142  62
     55     1  178.4  118.9  08      60.0000   0.0000   5   1   0.4 142  62
     56     1  175.8  060.4  45      60.0000   0.0000   5   1   0.4 142  62
     57     1  161.4  021.2  10      60.0000   0.0000   5   1   0.4 142  62
     58     1  164.5  148.5  03      60.0000   0.0000   5   1   0.4 142  62
     59     1  161.1  021.5  10      60.0000   0.0000   5   1   0.4 142  62
     60     1  147.1  048.2  31      60.0000   0.0000   5   1   0.4 142  62
     61     1  176.0  026.1  41      60.0000   0.0000   5   1   0.4 142  62
     62     1  147.1  048.2  30      60.0000   0.0000   5   1   0.4 142  62
     63     1  147.1  048.6  29      60.0000   0.0000   5   1   0.4 142  62
     64     1  172.9  089.3  51      60.0000   0.0000   5   1   0.4 142  62
     65     1  146.5  047.2  28      60.0000   0.0000   5   1   0.4 142  62
     66     1  016.2  040.6  21      60.0000   0.0000   5   1   0.4 142  62
     67     1  004.3  037.4  02      60.0000   0.0000   5   1   0.4 142  62
     68     1  173.6  089.0  52      60.0000   0.0000   5   1   0.4 142  62
     69     1  013.9  043.6  23      60.0000   0.0000   5   1   0.4 142  62
     70     1  157.4  014.3  40      60.0000   0.0000   5   1   0.4 142  62
     71     1  152.7  012.5  01      60.0000   0.0000   5   1   0.4 142  62
     72     1  034.9  026.7  51      60.0000   0.0000   5   1   0.4 142  62
     73     1  174.7  122.2  16      60.0000   0.0000   5   1   0.4 142  62
     74     1  064.1  011.2  09      60.0000   0.0000   5   1   0.4 142  62
     75     1  159.6  026.1  17      60.0000   0.0000   5   1   0.4 142  62
     76     1  077.7  010.6  55      60.0000   0.0000   5   1   0.4 142  62
     77     1  156.8  013.9  38      60.0000   0.0000   5   1   0.4 142  62
     78     1  159.9  013.9  34      60.0000   0.0000   5   1   0.4 142  62
     79     1  127.1  005.9  24      60.0000   0.0000   5   1   0.4 142  62
     80     1  128.1  005.9  23      60.0000   0.0000   5   1   0.4 142  62
     81     1  154.4  013.5  42      60.0000   0.0000   5   1   0.4 142  62
     82     1  067.8  010.7  07      60.0000   0.0000   5   1   0.4 142  62
     83     1  133.2  006.5  18      60.0000   0.0000   5   1   0.4 142  62
     84     1  155.1  014.3  42      60.0000   0.0000   5   1   0.4 142  62
     85     1  157.3  030.2  26      60.0000   0.0000   5   1   0.4 142  62
     86     1  124.2  006.3  28      60.0000   0.0000   5   1   0.4 142  62
     87     1  127.9  007.2  25      60.0000   0.0000   5   1   0.4 142  62
     88     1  175.9  060.6  55      60.0000   0.0000   5   1   0.4 142  62
     89     1  170.2  130.3  39      60.0000   0.0000   5   1   0.4 142  62
     90     1  148.6  049.3  28      60.0000   0.0000   5   1   0.4 142  62
     91     1  175.5  061.3  55      60.0000   0.0000   5   1   0.4 142  62
     92     1  153.0  013.6  44      60.0000   0.0000   5   1   0.4 142  62
     93     1  126.9  172.7  24      60.0000   0.0000   5   1   0.4 142  62
     94     1  148.9  050.2  28      60.0000   0.0000   5   1   0.4 142  62
     95     1  162.8  026.5  13      60.0000   0.0000   5   1   0.4 142  62
     96     1  156.5  014.0  40      60.0000   0.0000   5   1   0.4 142  62
     97     1  176.0  062.0  55      60.0000   0.0000   5   1   0.4 142  62
     98     1  176.3  122.1  17      60.0000   0.0000   5   1   0.4 142  62
     99     1  162.0  026.7  15      60.0000   0.0000   5   1   0.4 142  62
     100     1  176.0  061.6  56      60.0000   0.0000   5   1   0.4 142  62
     101     1  174.0  122.5  15      60.0000   0.0000   5   1   0.4 142  62
     102     1  161.4  026.2  14      60.0000   0.0000   5   1   0.4 142  62
     103     1  174.7  060.4  55      60.0000   0.0000   5   1   0.4 142  62
     104     1  021.4  144.7  00      60.0000   0.0000   5   1   0.4 142  62
     105     1  028.6  123.6  10      60.0000   0.0000   5   1   0.4 142  62
     106     1  006.7  152.5  38      60.0000   0.0000   5   1   0.4 142  62
     107     1  008.5  156.9  39      60.0000   0.0000   5   1   0.4 142  62
     108     1  033.8  130.1  24      60.0000   0.0000   5   1   0.4 142  62
     109     1  028.9  123.3  09      60.0000   0.0000   5   1   0.4 142  62
     110     1  020.4  145.1  58      60.0000   0.0000   5   1   0.4 142  62
     111     1  010.5  091.0  50      60.0000   0.0000   5   1   0.4 142  62
     112     1  034.7  131.3  27      60.0000   0.0000   5   1   0.4 142  62
     113     1  021.1  144.0  02      60.0000   0.0000   5   1   0.4 142  62
     114     1  015.0  043.0  02      60.0000   0.0000   5   1   0.4 142  62
     115     1  009.5  092.2  51      60.0000   0.0000   5   1   0.4 142  62
     116     1  033.1  129.5  22      60.0000   0.0000   5   1   0.4 142  62
     117     1  008.5  089.2  51      60.0000   0.0000   5   1   0.4 142  62
     118     1  004.9  086.9  54      60.0000   0.0000   5   1   0.4 142  62
     119     1  004.4  115.2  55      60.0000   0.0000   5   1   0.4 142  62
     120     1  057.8  081.1  20      60.0000   0.0000   5   1   0.4 142  62
     121     1  167.2  137.9  22      60.0000   0.0000   5   1   0.4 142  62
